1.033784122518329962e+00
9.753688040844474827e-01
9.319449031732682798e-01
8.676014500056660195e-01
8.781500459814790549e-01
8.156271020059794319e-01
8.848963036035032426e-01
8.097261518470340036e-01
8.535607937157485559e-01
7.507165768316528265e-01
7.901829394610281332e-01
7.649257849258345177e-01
6.595034914853546981e-01
6.634417788000682714e-01
6.528209711827147599e-01
6.289759657971856210e-01
7.037057192596243294e-01
6.824003681006832744e-01
6.318981388794324694e-01
6.169666799614175190e-01
6.031268120824371248e-01
5.722900284281315919e-01
6.380297929384584066e-01
6.078480963127694814e-01
6.052581636919709407e-01
6.305923675664325545e-01
5.601870217451990763e-01
5.176474674484226046e-01
5.133740687609353870e-01
5.416055841106651725e-01
5.663355146439342791e-01
5.698780371582492510e-01
5.360704439274461830e-01
5.929856884429629549e-01
5.969118356939420167e-01
4.928473879864146978e-01
5.611276928708104350e-01
5.190349330869128419e-01
5.297808283179787914e-01
4.849307747195055196e-01
5.630302962400950406e-01
5.475125603568150590e-01
4.962933265724505105e-01
4.930141820291089050e-01
5.699792129921040784e-01
5.346466464150000375e-01
4.908016225991940207e-01
5.135070514624322513e-01
5.289272503815720672e-01
5.280939742602713816e-01
4.831883175468805192e-01
5.571286805772075468e-01
4.618743734649950472e-01
4.842084348595163679e-01
4.957429045202444429e-01
5.602049963847095526e-01
5.271248486531477928e-01
4.972424482754645991e-01
5.550935845786786338e-01
4.712971060237411969e-01
4.565854913873831911e-01
4.635414440281634962e-01
4.564353402599680143e-01
5.054569037947026500e-01
5.187860678519794488e-01
4.815463784104488942e-01
5.107656055096121417e-01
5.063504342698079697e-01
5.515759064015027802e-01
5.110278376284623780e-01
4.767338260195552735e-01
5.400304053985652830e-01
5.152207445443428568e-01
4.942843874616654753e-01
5.440372029469900950e-01
4.546037564284032273e-01
5.131914698879445069e-01
4.969850873182716233e-01
5.039338243170682352e-01
5.098049942212824481e-01
4.517891055769011621e-01
5.007272479220636896e-01
5.109406112773385855e-01
5.164892352913965645e-01
5.160299369923539992e-01
4.597537208746976245e-01
5.110366889574914362e-01
4.857377097439135594e-01
5.131937863530978694e-01
5.248162027734887269e-01
5.160438887146095999e-01
4.990970589052872719e-01
4.817507065439631253e-01
4.896665988955806181e-01
5.342489675480016631e-01
5.360103770579484062e-01
4.629106484082863293e-01
5.149585597770350853e-01
5.257467222719309774e-01
5.210410511877077155e-01
