0.000000000000000000e+00 0.000000000000000000e+00 0.000000000000000000e+00 0.000000000000000000e+00 0.000000000000000000e+00 0.000000000000000000e+00 0.000000000000000000e+00 0.000000000000000000e+00 0.000000000000000000e+00 0.000000000000000000e+00 0.000000000000000000e+00 0.000000000000000000e+00 0.000000000000000000e+00 0.000000000000000000e+00 0.000000000000000000e+00 0.000000000000000000e+00 0.000000000000000000e+00 0.000000000000000000e+00 0.000000000000000000e+00 0.000000000000000000e+00
5.263157894736841987e-03 5.263157894736841987e-03 5.263157894736841987e-03 5.263157894736841987e-03 5.263157894736841987e-03 5.263157894736841987e-03 5.263157894736841987e-03 5.263157894736841987e-03 5.263157894736841987e-03 5.263157894736841987e-03 5.263157894736841987e-03 5.263157894736841987e-03 5.263157894736841987e-03 5.263157894736841987e-03 5.263157894736841987e-03 5.263157894736841987e-03 5.263157894736841987e-03 5.263157894736841987e-03 5.263157894736841987e-03 5.263157894736841987e-03
1.052631578947368397e-02 1.052631578947368397e-02 1.052631578947368397e-02 1.052631578947368397e-02 1.052631578947368397e-02 1.052631578947368397e-02 1.052631578947368397e-02 1.052631578947368397e-02 1.052631578947368397e-02 1.052631578947368397e-02 1.052631578947368397e-02 1.052631578947368397e-02 1.052631578947368397e-02 1.052631578947368397e-02 1.052631578947368397e-02 1.052631578947368397e-02 1.052631578947368397e-02 1.052631578947368397e-02 1.052631578947368397e-02 1.052631578947368397e-02
1.578947368421052683e-02 1.578947368421052683e-02 1.578947368421052683e-02 1.578947368421052683e-02 1.578947368421052683e-02 1.578947368421052683e-02 1.578947368421052683e-02 1.578947368421052683e-02 1.578947368421052683e-02 1.578947368421052683e-02 1.578947368421052683e-02 1.578947368421052683e-02 1.578947368421052683e-02 1.578947368421052683e-02 1.578947368421052683e-02 1.578947368421052683e-02 1.578947368421052683e-02 1.578947368421052683e-02 1.578947368421052683e-02 1.578947368421052683e-02
2.105263157894736795e-02 2.105263157894736795e-02 2.105263157894736795e-02 2.105263157894736795e-02 2.105263157894736795e-02 2.105263157894736795e-02 2.105263157894736795e-02 2.105263157894736795e-02 2.105263157894736795e-02 2.105263157894736795e-02 2.105263157894736795e-02 2.105263157894736795e-02 2.105263157894736795e-02 2.105263157894736795e-02 2.105263157894736795e-02 2.105263157894736795e-02 2.105263157894736795e-02 2.105263157894736795e-02 2.105263157894736795e-02 2.105263157894736795e-02
2.631578947368420907e-02 2.631578947368420907e-02 2.631578947368420907e-02 2.631578947368420907e-02 2.631578947368420907e-02 2.631578947368420907e-02 2.631578947368420907e-02 2.631578947368420907e-02 2.631578947368420907e-02 2.631578947368420907e-02 2.631578947368420907e-02 2.631578947368420907e-02 2.631578947368420907e-02 2.631578947368420907e-02 2.631578947368420907e-02 2.631578947368420907e-02 2.631578947368420907e-02 2.631578947368420907e-02 2.631578947368420907e-02 2.631578947368420907e-02
3.157894736842105365e-02 3.157894736842105365e-02 3.157894736842105365e-02 3.157894736842105365e-02 3.157894736842105365e-02 3.157894736842105365e-02 3.157894736842105365e-02 3.157894736842105365e-02 3.157894736842105365e-02 3.157894736842105365e-02 3.157894736842105365e-02 3.157894736842105365e-02 3.157894736842105365e-02 3.157894736842105365e-02 3.157894736842105365e-02 3.157894736842105365e-02 3.157894736842105365e-02 3.157894736842105365e-02 3.157894736842105365e-02 3.157894736842105365e-02
3.684210526315789130e-02 3.684210526315789130e-02 3.684210526315789130e-02 3.684210526315789130e-02 3.684210526315789130e-02 3.684210526315789130e-02 3.684210526315789130e-02 3.684210526315789130e-02 3.684210526315789130e-02 3.684210526315789130e-02 3.684210526315789130e-02 3.684210526315789130e-02 3.684210526315789130e-02 3.684210526315789130e-02 3.684210526315789130e-02 3.684210526315789130e-02 3.684210526315789130e-02 3.684210526315789130e-02 3.684210526315789130e-02 3.684210526315789130e-02
4.210526315789473589e-02 4.210526315789473589e-02 4.210526315789473589e-02 4.210526315789473589e-02 4.210526315789473589e-02 4.210526315789473589e-02 4.210526315789473589e-02 4.210526315789473589e-02 4.210526315789473589e-02 4.210526315789473589e-02 4.210526315789473589e-02 4.210526315789473589e-02 4.210526315789473589e-02 4.210526315789473589e-02 4.210526315789473589e-02 4.210526315789473589e-02 4.210526315789473589e-02 4.210526315789473589e-02 4.210526315789473589e-02 4.210526315789473589e-02
4.736842105263158048e-02 4.736842105263158048e-02 4.736842105263158048e-02 4.736842105263158048e-02 4.736842105263158048e-02 4.736842105263158048e-02 4.736842105263158048e-02 4.736842105263158048e-02 4.736842105263158048e-02 4.736842105263158048e-02 4.736842105263158048e-02 4.736842105263158048e-02 4.736842105263158048e-02 4.736842105263158048e-02 4.736842105263158048e-02 4.736842105263158048e-02 4.736842105263158048e-02 4.736842105263158048e-02 4.736842105263158048e-02 4.736842105263158048e-02
5.263157894736841813e-02 5.263157894736841813e-02 5.263157894736841813e-02 5.263157894736841813e-02 5.263157894736841813e-02 5.263157894736841813e-02 5.263157894736841813e-02 5.263157894736841813e-02 5.263157894736841813e-02 5.263157894736841813e-02 5.263157894736841813e-02 5.263157894736841813e-02 5.263157894736841813e-02 5.263157894736841813e-02 5.263157894736841813e-02 5.263157894736841813e-02 5.263157894736841813e-02 5.263157894736841813e-02 5.263157894736841813e-02 5.263157894736841813e-02
5.789473684210526272e-02 5.789473684210526272e-02 5.789473684210526272e-02 5.789473684210526272e-02 5.789473684210526272e-02 5.789473684210526272e-02 5.789473684210526272e-02 5.789473684210526272e-02 5.789473684210526272e-02 5.789473684210526272e-02 5.789473684210526272e-02 5.789473684210526272e-02 5.789473684210526272e-02 5.789473684210526272e-02 5.789473684210526272e-02 5.789473684210526272e-02 5.789473684210526272e-02 5.789473684210526272e-02 5.789473684210526272e-02 5.789473684210526272e-02
6.315789473684210731e-02 6.315789473684210731e-02 6.315789473684210731e-02 6.315789473684210731e-02 6.315789473684210731e-02 6.315789473684210731e-02 6.315789473684210731e-02 6.315789473684210731e-02 6.315789473684210731e-02 6.315789473684210731e-02 6.315789473684210731e-02 6.315789473684210731e-02 6.315789473684210731e-02 6.315789473684210731e-02 6.315789473684210731e-02 6.315789473684210731e-02 6.315789473684210731e-02 6.315789473684210731e-02 6.315789473684210731e-02 6.315789473684210731e-02
6.842105263157895190e-02 6.842105263157895190e-02 6.842105263157895190e-02 6.842105263157895190e-02 6.842105263157895190e-02 6.842105263157895190e-02 6.842105263157895190e-02 6.842105263157895190e-02 6.842105263157895190e-02 6.842105263157895190e-02 6.842105263157895190e-02 6.842105263157895190e-02 6.842105263157895190e-02 6.842105263157895190e-02 6.842105263157895190e-02 6.842105263157895190e-02 6.842105263157895190e-02 6.842105263157895190e-02 6.842105263157895190e-02 6.842105263157895190e-02
7.368421052631578261e-02 7.368421052631578261e-02 7.368421052631578261e-02 7.368421052631578261e-02 7.368421052631578261e-02 7.368421052631578261e-02 7.368421052631578261e-02 7.368421052631578261e-02 7.368421052631578261e-02 7.368421052631578261e-02 7.368421052631578261e-02 7.368421052631578261e-02 7.368421052631578261e-02 7.368421052631578261e-02 7.368421052631578261e-02 7.368421052631578261e-02 7.368421052631578261e-02 7.368421052631578261e-02 7.368421052631578261e-02 7.368421052631578261e-02
7.894736842105262720e-02 7.894736842105262720e-02 7.894736842105262720e-02 7.894736842105262720e-02 7.894736842105262720e-02 7.894736842105262720e-02 7.894736842105262720e-02 7.894736842105262720e-02 7.894736842105262720e-02 7.894736842105262720e-02 7.894736842105262720e-02 7.894736842105262720e-02 7.894736842105262720e-02 7.894736842105262720e-02 7.894736842105262720e-02 7.894736842105262720e-02 7.894736842105262720e-02 7.894736842105262720e-02 7.894736842105262720e-02 7.894736842105262720e-02
8.421052631578947179e-02 8.421052631578947179e-02 8.421052631578947179e-02 8.421052631578947179e-02 8.421052631578947179e-02 8.421052631578947179e-02 8.421052631578947179e-02 8.421052631578947179e-02 8.421052631578947179e-02 8.421052631578947179e-02 8.421052631578947179e-02 8.421052631578947179e-02 8.421052631578947179e-02 8.421052631578947179e-02 8.421052631578947179e-02 8.421052631578947179e-02 8.421052631578947179e-02 8.421052631578947179e-02 8.421052631578947179e-02 8.421052631578947179e-02
8.947368421052631637e-02 8.947368421052631637e-02 8.947368421052631637e-02 8.947368421052631637e-02 8.947368421052631637e-02 8.947368421052631637e-02 8.947368421052631637e-02 8.947368421052631637e-02 8.947368421052631637e-02 8.947368421052631637e-02 8.947368421052631637e-02 8.947368421052631637e-02 8.947368421052631637e-02 8.947368421052631637e-02 8.947368421052631637e-02 8.947368421052631637e-02 8.947368421052631637e-02 8.947368421052631637e-02 8.947368421052631637e-02 8.947368421052631637e-02
9.473684210526316096e-02 9.473684210526316096e-02 9.473684210526316096e-02 9.473684210526316096e-02 9.473684210526316096e-02 9.473684210526316096e-02 9.473684210526316096e-02 9.473684210526316096e-02 9.473684210526316096e-02 9.473684210526316096e-02 9.473684210526316096e-02 9.473684210526316096e-02 9.473684210526316096e-02 9.473684210526316096e-02 9.473684210526316096e-02 9.473684210526316096e-02 9.473684210526316096e-02 9.473684210526316096e-02 9.473684210526316096e-02 9.473684210526316096e-02
1.000000000000000056e-01 1.000000000000000056e-01 1.000000000000000056e-01 1.000000000000000056e-01 1.000000000000000056e-01 1.000000000000000056e-01 1.000000000000000056e-01 1.000000000000000056e-01 1.000000000000000056e-01 1.000000000000000056e-01 1.000000000000000056e-01 1.000000000000000056e-01 1.000000000000000056e-01 1.000000000000000056e-01 1.000000000000000056e-01 1.000000000000000056e-01 1.000000000000000056e-01 1.000000000000000056e-01 1.000000000000000056e-01 1.000000000000000056e-01
