1.002489613921649010e+02
8.798707830104902428e+00
4.823196673104737542e+00
2.477892774485017213e+00
2.781870510158324095e+00
1.818695618484272192e+00
1.336170542294811137e+00
7.932500942322562310e-01
4.518003851685687966e-01
3.289028184986071413e-01
5.917866898106973750e-01
9.754145898907131684e-01
1.935794052278055677e+00
3.412932514768078907e-01
7.340554046290301837e-01
8.820593824933953275e-01
5.457380011246870666e-01
1.387115644979884932e+00
1.713419512579654969e+00
1.284490680755486114e+00
1.775745888125313865e+00
5.191832996617626872e-01
5.070997740214825411e-01
7.122788384122975547e-01
3.301471486399205624e-01
4.216868596140506131e-01
9.698217291265074369e-01
4.547408720466505905e-01
2.114301442817676513e+00
2.071600771571392663e+00
1.146003594651981317e+00
1.845085306085197274e+00
1.955281120358804081e+00
6.374095065068483557e-01
1.715062940691665316e+00
1.382374676858922458e+00
2.423668794977405838e+00
2.115721250524468022e+00
2.411953480226260993e+00
1.676829256338647545e+00
1.942797256502523329e+00
2.392707610208239188e+00
1.658954519276641060e+00
2.918610138715463709e+00
3.019985849460938176e+00
2.271173494941469251e+00
1.881516109698538886e+00
1.847825934403276804e+00
2.913766814178311293e+00
2.000976260746003099e+00
3.535833271421730650e+00
2.716154355425635991e+00
3.886807637478234767e+00
2.887330356200498827e+00
2.537010215604725616e+00
3.554430761504253411e+00
2.756874985163258795e+00
4.461255344750079566e+00
2.630307584242132179e+00
4.499464602645167233e+00
2.996261816585366056e+00
3.124516947403855660e+00
4.569934329146667196e+00
4.570509315411482198e+00
3.363169995649560207e+00
5.311983938210339318e+00
5.338766870621014959e+00
4.250092198335540417e+00
4.885110991658202728e+00
4.795682603747209782e+00
5.053522920346399161e+00
5.142487880167069925e+00
4.921193138303881831e+00
4.696077407169868323e+00
5.780077001280229609e+00
6.641209954335484333e+00
5.575880389440503571e+00
6.978473994311968909e+00
5.860128552163844873e+00
7.108430942790525897e+00
6.834413204199599967e+00
6.800255986990811685e+00
6.257630646552800435e+00
6.950433424751500056e+00
6.943019434521685795e+00
7.534429828223281334e+00
7.999970614711842565e+00
8.792277946793843668e+00
8.709060578901871352e+00
8.054130213074614630e+00
7.692340675185627141e+00
8.328308482500672127e+00
7.813193669388654783e+00
9.628122752254151706e+00
8.236819767194925035e+00
1.005980277747745077e+01
9.275264731534429430e+00
1.029856240948966395e+01
9.103954644281619935e+00
1.090372317830967930e+01
